1 1 Income 5.000000 0 4 1 2024
2 1 Income 5.000000 0 4 1 2024
3 3 Income 20.000000 0 4 1 2024
4 1 Expense 2.000000 0 4 1 2024
5 1 Expense 5.000000 3 4 1 2024
6 1 Income 5.000000 0 4 1 2024
7 1 Income 5.000000 0 4 1 2024
8 3 Income 20.000000 0 4 1 2024
9 1 Income 5.000000 0 4 1 2024
10 1 Income 5.000000 0 4 1 2024
11 3 Income 20.000000 0 4 1 2022
12 1 Expense 2.000000 0 4 1 2024
13 1 Income 5.000000 0 4 1 2024
14 1 Income 5.000000 0 4 1 2024
15 3 Income 20.000000 0 4 1 2024
16 1 Expense 2.000000 0 4 1 2024
17 1 Expense 5.000000 3 4 1 2024
18 1 Income 5.000000 0 4 1 2024
19 1 Income 5.000000 0 4 1 2024
20 3 Income 20.000000 0 4 1 2024
21 1 Expense 2.000000 0 4 1 2024
22 1 Expense 5.000000 3 4 1 2024
